1 1 26.6666666666667
1 2 522.208
1 3 1641.33866666667
1 4 335.728
1 5 413.032
1 6 489.874666666667
1 7 365.077333333333
1 8 817.869333333333
1 9 452.061333333333
1 10 747.405333333333
1 11 388.317333333333
1 12 3141.64
2 1 445.149333333334
2 2 82660.7493333333
2 3 16283.1173333333
2 4 5169.03466666667
2 5 3931.40266666667
2 6 27351.896
2 7 4844.03466666667
2 8 18231.9093333333
2 9 12803.9546666667
2 10 1421.888
2 11 8957.48266666667
2 12 51748.2453333333
3 1 3793.69333333333
3 2 12735.3253333333
3 3 28744.432
3 4 13738.2533333333
3 5 9830.336
3 6 26359.776
3 7 6537.74933333333
3 8 27775.9013333333
3 9 14098.3386666667
3 10 1816.94133333333
3 11 4495.256
3 12 10647.0533333333
4 1 230.805333333333
4 2 2341.48266666667
4 3 38518.1893333333
4 4 3761.98933333333
4 5 8408.76266666667
4 6 7207.74133333334
4 7 3948.89866666667
4 8 21375.568
4 9 5723.408
4 10 14385.464
4 11 10609.464
4 12 12248.8613333333
5 1 239.042666666667
5 2 2956.77866666667
5 3 16891.5013333333
5 4 3693.01866666667
5 5 5606.29866666667
5 6 9143.904
5 7 7130.168
5 8 98457.928
5 9 7265.264
5 10 2947.376
5 11 2237.59733333333
5 12 8506.65066666667
6 1 4766.92533333333
6 2 9254.73333333333
6 3 122044.576
6 4 21378.1973333333
6 5 33173.784
6 6 22849.056
6 7 9890.84
6 8 24405.0426666667
6 9 40616.0986666667
6 10 3466.38666666667
6 11 13892.1866666667
6 12 41138.0933333333
7 1 420.96
7 2 4443.56266666667
7 3 26972.272
7 4 5394.304
7 5 5476.104
7 6 8017.75733333333
7 7 4022.89866666667
7 8 8673.584
7 9 12842.4106666667
7 10 1223.752
7 11 2444.272
7 12 12048.4373333333
8 1 339.661333333333
8 2 19394.5893333333
8 3 89723.6826666667
8 4 9039.38133333333
8 5 9030.86666666667
8 6 42720.2506666667
8 7 13570.2506666667
8 8 11369.1306666667
8 9 61164.4186666667
8 10 2311.54133333333
8 11 25519.4533333333
8 12 55726.3866666667
9 1 3897.64
9 2 40887.84
9 3 53674.288
9 4 16345.0533333333
9 5 23987.7866666667
9 6 83325.448
9 7 24767.2826666667
9 8 71022.56
9 9 136796.045333333
9 10 9591.352
9 11 21934.5573333333
9 12 111860.741333333
10 1 26.6666666666667
10 2 1041.20533333333
10 3 5046.06666666667
10 4 10406.912
10 5 1436.68266666667
10 6 3861.61066666667
10 7 2097.072
10 8 2000.21066666667
10 9 2211.46133333333
10 10 14269.608
10 11 3297.648
10 12 1987.70666666667
11 1 111.018666666667
11 2 15881.5466666667
11 3 22512.5866666667
11 4 4341.176
11 5 11302.768
11 6 7691.184
11 7 2260.848
11 8 17766.3733333333
11 9 24845.3733333333
11 10 4755.00533333333
11 11 1038.35733333333
11 12 10517.3786666667
12 1 11219.1013333333
12 2 125937.728
12 3 66541.1973333333
12 4 36063.4213333333
12 5 15439.312
12 6 62781.8133333333
12 7 32642.7333333333
12 8 91675.6266666667
12 9 133661.405333333
12 10 1980.576
12 11 29760.2026666667
12 12 187653.482666667
